풍강	00155373	
인포피아	00260657	
엔텔스	00415707	
넥스트칩	00537337	
삼성카드	00126292
디지텍시스템스	00543231	
컴투스	00476498	
메모리앤테스팅	00390860	
에코프로	00536541	00965743	
바로비젼	00587457	
아로마소프트	00583026	
아구스	00537443	
에스엔케이폴리텍	00580667	
3노드디지탈그룹유한공사	00630111	
넥스지	00584362	
빅솔론	00478900	
웨이브일렉트로닉스	00526696	
푸른기술	00537832	
옴니시스템	00265005	
연이정보통신	00495554	
바이오톡스텍	00447502	
STX팬오션	00122737	
상보	00129615	
네오티스	00447928	
아이에스시테크놀러지	00572905	
미래나노텍	00526836	
오디텍	00529815	
엘지에스	00494218	01021134	
성우전자	00233112	00364306	00319281	
제이엠텔레콤	00533508	
에스에너지	00545895	00585538	00107330	00579263	00966238	01080845	00762474	00570536	
디아이씨	00632702	01022629	00112165	00306205	00320029	00332857	00926887	
다믈멀티미디어	00536888	
현우산업	00367455	00486644	
효성 ITX	00414850	
KSS해운	00160232	
이엘케이	00573940	01080678	00757001	00379016	
이엠코리아	00166953	00337320	00465216	00412658	00526951	
기신정기	00106614	
쉘라인	00812973	00480950	
비엠티	00524786	00383888	00416706	
일진정공	00485177	
씨모텍	00582054	
디엔에프	00569691	01080997	00206987	
세실	00446831	00133946	00888000	00668628	00728638	00161976	
알에프세미	00516246	
화풍방직	00599230	
성진지오텍	00181934	
위즈위드	00426068	
한전KPS	00159218	
대창메탈	00177870	
이씨에스텔레콤	00400060	
서원인텍	00445799	
미성포리테크	00530796	
일신랩	00385415	
쎄믹스	00786492	00573269	
에스맥	00562360	
엔케이	00295972	00136235	00580667	00502845	01110128	00757551	00502155	00508973	00162577	00937573	00914712	00890917	00690469	00211509	00974501	00415965	00863348	00908997	00172228	00958363	00208462	00106997	00965336	01114948	00965239	00984049	00809234	00493264	00852740	00261142	00805733	00785767	00493608	00577894	00122825	01040157	00442154	00763738	00620974	01018936	01097289	00138367	00572376	01063088	00454715	00966432	00264112	00279202	
명성금속	00450214	01085150	
네오엠텔	00480756	
코웰이홀딩스유한공사	00642648	
넥실리온	00595243	
텔레필드	00560122	
제너시스템즈	00453752	
네패스신소재	00496225	
효성오앤비	00367385	
메타바이오메드	00317681	
실리콘화일	00525527	
엘디티	00540571	
예스이십사	00362858	
우진비앤지	00103547	
테스	00390860	00307426	01056246	00877873	00428808	00260426	00334730	00809410	00571155	00458562	00327040	00540447	00666356	99999984	00335702	00524421	00837477	00563545	00568726	00975421	00475161	00331760	00971027	00653219	00660088	00578015	00580108	00872595	00300061	00222611	
세미텍	00662943	00580968	00481676	01098066	00797072	00523741	00562485	
제이씨엔터테인먼트	00397252	
고영테크놀러지	00579999	
브리지텍	00359076	
쎄트렉아이	00449254	
월덱스	00580065	00302421	
씨디아이홀딩스	00525882	
비유와상징	00520887	
이스트소프트	00273420	
서울옥션	00410915	
명문제약	00121039	
슈프리마	01124653	00599957	00965910	
코리아에스이	00527491	
한텍엔지니어링	00487546	
아이엠	00345693	00370006	00331502	01100194	00760379	00483036	00486802	00348423	00435172	00433493	00435190	00433554	00435145	00435303	00433509	00433387	00435163	00433341	00481223	00763400	00670997	00344755	00665065	00943705	00133140	00756215	00453488	00275710	00918532	00331618	00609634	00939137	00681656	00456494	00295884	00602048	01132412	00863922	00304942	00962931	00529930	00930464	00421124	00529684	00276506	00777591	01099898	00942362	00578884	00146603	00296999	00260921	01072572	00993278	00479680	00241360	00303891	01081419	00773489	00384036	00357795	00384328	00328687	00840781	00811600	00803595	00587873	00529383	00660167	00678829	00337320	00809517	01075302	00149327	00416399	00871985	00983068	00265175	00673338	01045152	01079195	00428941	00493529	00988407	00932383	00639130	00755979	00612744	00863719	00861775	00540076	01075551	00300760	00617341	00183206	00617730	00666842	00407294	00593379	01056884	01040759	01040740	01075560	00808101	00514053	00270131	00103945	01079894	00346249	00158477	00543064	00259794	00532767	00765897	00528515	
엘지이노텍	00105961	
삼강엠앤티	00480367	
KJ프리텍	00475718	
마이크로컨텍솔	00568188	
세운메디칼	00362201	
사이버다임	00251385	
KB금융	00688996	
SIMPAC ANC	01070972	00633978	00373331	00693615	00499888	00429250	00378460	00632836	01068083	00887074	00309974	00512842	00663252	00757791	00472128	00348681	00646343	00550259	00594086	00383383	00464086	00291824	00399092	00254300	00392488	00325237	00628754	00474852	00694447	00516608	01047105	00309026	00138260	00163789	00482523	00468693	00475790	00426420	00988920	00538105	00502395	
이크레더블	00634728	
에너지솔루션	00843016	00672302	00365590	
LG파워콤	00318617	
연합과기	00680161	
아이컴포넌트	00407285	
엠게임	00397058	
메디톡스	00580199	
유비쿼스	00411385	01072271	
대성파인텍	00442905	
이수앱지스	00526872	
중국식품포장	00694003	
네오피델리티	00641393	
코오롱생명과학	00525642	
뷰웍스	00609324	
에스앤에스텍	00411048	
에이테크솔루션	00527853	00384887	
엔에스브이	00447478	00959566	
에스티오	01002722	00612188	
티플랙스	00497631	
네프로아이티	00687599	
우림기계	00567222	
신텍	00361707	00356149	00977191	00789833	00564368	00599887	
흥국	00879631	00167077	00167031	00769705	00237190	00167013	00167068	00916516	00330725	00167059	00189103	00380836	00103176	
STX엔파코	00406046	
서울마린	00574611	00483443	
한국정밀기계	01101254	00257732	
해덕선기	00299358	
중국원양자원	00722500	
뉴그리드	00580056	
이엔에프테크놀로지	00530185	
차이나그레이트	00695464	
조이맥스	00643656	
어보브반도체	00591441	
동아지질	00178754	
한미파슨스	00413523	00821528	
대우캐피탈	00542560	00473631	00475189	00504029	00653556	00638593	00636355	00643443	00646103	00634560	00632359	00630546	00647272	00649526	00483896	00628930	00597320	00595483	00599036	00600767	00593139	00591168	00588377	00608194	00627764	00477248	00542667	00515876	00512763	00521619	00536578	00509909	00507284	00505347	00538655	00540872	00779562	00686794	00684112	00693989	00715458	00682895	00681072	00668141	00771579	00776079	00497738	00499383	00586935	00556095	00554501	00558464	00580728	00553043	00548740	00545628	00583169	00585282	00501022	00503321	00209443	
동일금속	00118284	00618881	
게임빌	00535746	
에스앤더블류	00137012	
동국S&C	00415594	
제넥신	00982573	00545929	
톱텍	00531917	01011395	
디에스케이	00604277	00530121	00670641	01063787	00422442	
모린스	00676380	00943255	
에리트베이직	00441243	
케이엔더블유	00606664	
쌍용머티리얼	00369833	
아이앤씨	00977012	00806927	00177481	00839253	01020603	00964230	00777500	00816030	00917205	00418041	00371351	00975041	00667656	00447919	00373711	00360045	00996035	00916446	00422895	01010891	00690414	01012154	00219486	00566597	00786021	00339416	00365758	00670872	00565589	00131674	00149008	00424112	00836317	00815633	00653361	00593379	00836593	00644053	00447575	00825056	00356839	00869388	00844510	00520665	00920731	01072262	00184773	00930367	00548193	00535250	01010590	01101616	00576460	00142713	00480817	00764029	
네오위즈벅스	00645089	
동양생명보험	00117267	
한스바이오메드	00349060	
진로	00938712	00918602	00234139	00364209	00234227	00861012	00140362	00241148	00345718	00170877	00186355	00446822	00223267	00872090	00873664	00155018	00150314	00249450	00670881	00170901	00345709	00150244	00270256	00118567	00561936	00148993	
스틸플라워	00454265	00668974	
비츠로셀	00154718	
디엠씨	00964036	01077869	00149804	00618410	00605832	00409520	00519508	00244640	00208499	00665533	00607724	00868617	00513753	00522210	00471837	01085859	00676867	00835354	00644646	00515399	00642471	00627922	00645326	00588623	00652274	
진매트릭스	00552992	
동방선기	00526678	
SK C&C	00629595	00999096	00917612	00364245	00457439	00457253	00469151	00803276	00829478	00229492	00375214	00401014	00647874	00586397	00600952	00554671	00424194	00279123	00601386	00593786	00981325	00382241	00501873	00361044	00381950	00277037	00459507	00407489	00473190	00406666	01070972	00633978	00373331	00854313	00693615	00499888	00429250	00476452	00466941	00473987	00536781	00378460	00632836	00297332	01063662	01068083	00498375	00598684	00273156	00853253	00842877	00473172	00509918	00592909	00694483	00887074	00309974	00554769	00682123	00443560	00374215	00393821	01101148	01101139	00550587	00411729	00684468	00481728	00627223	00122579	00512842	00795056	00663252	00588872	00789897	00976916	00645168	00825588	00757791	00423706	00173731	00486574	00656553	00391993	00457712	00395333	00476513	00820680	00698072	01054965	00381552	00906014	00306995	00318796	01091850	00679651	01126040	00424200	00585477	00593935	00472128	00148540	00303873	00838421	00113410	00129013	00265324	00635134	00357120	00127954	00222532	00380429	00149266	00502997	00568364	00461238	00545150	00431088	00378239	00846420	00627898	00348681	00303703	00406037	01012428	01034846	00149026	00376949	00376930	00283250	00974468	00606433	00499134	00498287	00375658	00595881	00558534	00631086	00695419	00328207	00317724	00853439	00429117	00605276	00792457	00475091	00311669	00646343	00425281	00375180	00373003	00967617	01102651	00344001	00433262	00549952	00695552	00547893	00514211	00584450	00371476	00463713	00696418	00585592	00374109	00643300	00513133	00395087	00464013	00343996	00112730	01039188	00885386	00177038	00523635	00474685	00816915	00648624	00548768	00592200	00568595	00550259	00469504	00543596	00594086	00407188	00463962	00484406	00479246	00277091	00165583	00393317	00647810	00345426	00653866	00337199	00855570	00613479	00498320	00592273	00834212	00554370	00588784	00547918	00885146	00458793	00484257	00428288	00588942	00398880	00383383	00345019	00312862	00514877	00627393	00399038	00473163	00458766	00396581	00152914	00886154	00507682	00505958	00294201	00397872	00334633	00499019	00506151	00741152	01082995	00420091	01050491	00601915	00601924	00550240	00595155	00165459	01002476	00387787	00420462	00684510	00981857	00463528	01046601	00801889	00682187	00643160	00478098	00504445	00507646	00646459	00392293	00255275	01093168	00832083	00812566	00137997	00552664	00635161	00595960	00780267	01115840	00539186	00380182	00585097	00599993	00552929	00538725	00466321	00543374	01051038	00420170	01123894	00632720	00776495	00362061	00543329	00427553	00628301	00787385	00442260	00464086	00291824	00270265	00617633	00572905	00421425	01129843	00937713	00554088	00438753	00559436	00399092	00825852	00777917	00593537	00649720	00936547	00432120	00465191	
이너스텍	00653194	
지케이엘	00557508	
강원비앤이	00100601	
이원컴포텍	00409140	
중국엔진집단	00786331	
디오텍	00666064	00533012	
한전기술	00159209	
현대푸드	00953571	00359641	
멜파스	00609315	
위메이드	00444329	00914299	
ITX시큐리티	00627029	
동양피엔에프	00602136	
KPX생명과학	00532059	
GSMT	00783246	
코디에스	00308559	
승화엘엠씨	00609254	
우노	00666675	00209559	00518271	00663669	00338037	00445869	
영흥철강	00141477	
아세아텍	00138747	
우리넷	00664048	00452957	
스타플렉스	00405959	
락앤락	00561866	
지역난방공사	00159698	
에이치디시에스	00579379	00759975	
모베이스	00498001	00530343	
에스이티아이	00673976	
차이나하오란	00790121	
하이소닉	00542898	
인포바인	00491415	
이미지스	00694942	01026698	
대한생명	00113058	
디지탈아리아	00552859	
차이나킹	00800084	
케이씨에스	00147550	00186522	00878517	00441650	00251613	
뉴프라이드	00781202	
동아체육용품	00799070	
삼성생명	00126256	01094121	00218450	00558279	00260453	00116338	
만도	00300557	01042775	00120827	00916437	00578635	00936219	00820024	00306472	00404172	00299002	00495475	
모바일리더	00641171	
인피니트헬스케어	00435969	
투비소프트	00596260	
실리콘웍스	00525934	
솔라시아	00683007	
이연제약	00145598	
케이엔디티	00297989	
유비벨록스	00592653	
처음앤씨	00689418	
웅진에너지	00609485	
에스디시스템	00604815	
크루셜텍	00618401	
웨이포트	00823687	
우진	00143226	00405612	00305695	00567523	01075889	00143314	00143332	00173944	00143299	01071883	01085406	00579351	00975953	00184232	00451815	00454140	00143235	00222143	00179045	00417796	00184269	00676070	00302263	00492326	00761518	00786438	00447201	00573667	00551902	00567727	00224877	00878146	00103547	00369152	00524768	00229924	00829061	00170530	00258139	01031335	00667106	00691981	00143262	00509750	00867469	01030503	00980177	00537540	00578255	00565835	00868200	00869458	00593078	00672162	00226556	00524670	00610986	00550611	00449661	00676788	00232900	01014578	01016372	00608255	00626312	00918505	00557094	00184287	00822864	00816942	00974750	00303217	00643382	01024858	00937281	00412153	00574921	00143323	00242934	
하이텍팜	00409964	
인터로조	00604426	
아이마켓코리아	00360142	
이글루시큐리티	00364847	
엠에스오토텍	00259545	
도화	00553380	00101451	00104388	00209841	00353975	00617527	00114552	00279974	00407106	01013588	00626659	00583354	01074516	01035818	00370413	
씨젠	00788773	
와이솔	00759294	00958594	00958585	
현대홈쇼핑	00412597	
다원시스	00523307	
성융광전투자	00830377	
KTcs	00372882	
알파칩스	00605124	
포메탈	00188797	
휠라코리아	00195229	
아이씨코리아	00320029	00308896	00408141	
코렌	00935238	00477257	00482514	00428923	00541437	
인화정공	00482426	
누리플랜	00410997	
아이텍반도체	00626011	
케이엔엔	00208134	00929723	
삼본정밀전자	00125965	01045806	
아나패스	00761952	
디케이락	00533003	
코프라	00575948	00599595	
한국전자인증	00361169	
시그네틱스	00158219	
케이티롤	00527880	
대구방송	00496951	00412418	00204642	00417495	00525475	
코라오홀딩스	00838500	
세우테크	00608839	00369499	
한전산업	00194947	
케이티스	00372873	00349097	00981954	
대정화금	00250997	
현대에이치씨엔	00403632	00242332	00251613	00255071	00228305	00249317	00228299	00320852	00419697	
대구도시가스	00206002	00787376	00108940	
액트	00878094	00533924	01016390	00620488	
두산엔진	00361008	
인텍플러스	00479787	
티에스이	00372226	00869546	
씨그널정보통신	00232496	
다나와	00585608	
중국고섬	00844884	
블루콤	00238001	00662192	
인트론바이오	00292434	
엘비세미콘	00412348	
제이엔케이히터	00442154	
딜리	00629212	00465720	
케이아이엔엑스	00603348	
티피씨글로벌	00578538	
나노신소재	00439965	
현대위아	00106623	00998200	
부스타	00124276	
일진머티리얼즈	00113997	
BS금융지주	00858364	
티케이케미칼	00759902	00693554	
이퓨쳐	00788737	
한국종합기술	00156859	00159500	
골프존	01067516	01077300	00674498	01082409	00916385	00520902	01027165	
KMH	00657987	
세아특수강	00133991	
엘티에스	00670085	00453840	00871286	00504551	
케이티스카이라이프	00349097	
DGB금융지주	00878915	
완리	00842327	
리켐	00106386	00866743	00814786	00365527	00496313	01015984	
넥스트아이	00614593	
코오롱플라스틱	00241005	
쓰리피시스템	00653990	
엠케이트렌드	00357360	
탑금속	00153278	
하이마트	00158307	00659833	00661494	00661500	00852351	00576655	
한국항공우주	00309503	
대양전기공업	00111193	
옵티시스	00660291	
나이벡	00767628	
신세계인터내셔날	00234412	
상아프론테크	00181299	
삼원강재	00191588	01016105	
경봉	00656021	00402466	00358350	
제닉	00866965	00969059	00975218	00624998	00624554	00143323	01035304	
아이씨디	00298377	00941318	
제이씨케미칼	00664853	
화진	00370228	00235509	00359562	00159908	00524564	00309886	00238977	00975351	01015902	00644318	00539928	00220710	00452610	00638469	00443144	00979047	00606372	00927938	00415053	00428631	00319209	00598860	
피앤이솔루션	00785475	
대한과학	00608316	
넥솔론	00636045	
로보스타	00536523	
케이맥	00341925	00297961	00998121	
테라세미콘	00569992	
씨엔플러스	00660033	01031201	
신흥기계	00137915	
씨큐브	00530820	00520610	00247452	
테크윙	00535676	
아이테스트	00458562	
쎄미시스코	00763358	
와이지엔터테인먼트	00613318	
이엠넷	00295884	00407294	00616290	
신진에스엠	00577380	
에스에프씨	00299109	01075746	00450339	01017779	00801205	00319740	00319759	00697912	
티브이로직	00693651	
넥스트리밍	00535375	
사파이어테크놀로지	00671437	
씨유메디칼	00681249	
인터지스	00151368	00756260	00905130	00172954	
서암기계공업	00166528	
시큐브	00402110	
나이스디앤비	00606293	
GS리테일	00140177	
디엔에이링크	00642541	
원익머트리얼즈	00623661	
동아팜텍	00808022	
남화토건	00108001	
뉴로스	00638539	
사람인에이치알	00857480	
휴비스	00362238	00159360	00524980	
빛샘전자	00359261	
코오롱머티리얼	00652159	
SBI모기지	00907660	
비아트론	00610083	
사조씨푸드	00124780	
피엔티	00868273	00927655	00166087	00939605	00496191	00612294	
디지탈옵틱	00536329	
네이블커뮤니케이션즈	00842585	
엠씨넥스	00564562	
우양에이치씨	00450931	
AJ렌터카	00201450	
나노스	00653103	
모다정보통신	00757816	
코이즈	00807397	
아바텍	00442048	
씨제이헬로비전	00222532	00484938	00618872	00420444	00454131	00246736	00606266	00253125	00367570	00356255	00455820	00411224	00410252	00248947	00504409	00409469	
와이엠씨	00870861	
맥스로텍	00678096	
지엠비코리아	00156354	00495129	
디젠스	00576789	
우리로광통신	00296005	
SBI액시즈	00938688	
CS엘쏠라	00896753	
포티스	01036011	00812362	
아이센스	00550994	
우리이앤엘	00815095	
아이원스	00625942	
지디	00105873	00561565	00109170	00825199	00574286	00967459	01005765	01099047	01085859	00336507	00524616	00257468	00265421	00676122	00579652	00766081	00573922	00520373	01087583	01026023	01024007	01079733	00254009	00639714	00814218	00960483	
제로투세븐	00563837	
코렌텍	00541437	
윈팩	00536286	
세호로보트	00923899	
삼목강업	00125628	
레고켐바이오	00842619	
DSR	00110608	00151298	
엑세스바이오	00956028	01087431	
나스미디어	00486097	
JB금융지주	00980122	01003554	01028164	
KG ETS	00366137	
파이오링크	00492353	
금호엔티	00491938	00914165	
아미코젠	00545734	
지엔씨에너지	00626464	
엘티씨	00848172	00866062	00482693	00862817	
파수닷컴	00638487	
테스나	00563545	
현대로템	00302926	
(주)내츄럴엔도텍	
해성옵틱스	00483735	
에이씨티	00426156	00309567	01014620	00808068	01071698	00965804	00165200	00242934	
미동전자통신	00945208	
램테크놀러지	00654272	
라이온켐텍	00317104	
신송홀딩스	00136402	
디엠티	00623999	01096420	00804859	00608699	00321222	00364926	
엔브이에이치코리아	00146436	
현대공업	00164502	
알티캐스트	00364254	
기가레인	00377018	00602598	
인트로메딕	00661157	
이지웰페어	00656951	
솔루에타	00624518	
한국정보인증	00306454	
인터파크INT	00598587	
오이솔루션	00571483	
BGF리테일	00219097	
캐스텍코리아	00302582	
트루윈	00264796	00766106	
화인베스틸	00661847	
윈하이텍	00910840	
창해에탄올	00123523	
덕신하우징	00454937	
파버나인	00429694	00651220	
쿠쿠전자	00132354	
신화콘텍	00925189	
감마누	00623184	
데브시스터즈	01008762	
신한제2호SPAC	01038693	
영우디에스피	00569646	
슈피겐코리아	00917861	
테고사이언스	00926522	
삼성에스디에스	00126186	
디에이테크놀로지	00660121	01074251	
우리은행	00254045	
파티게임즈	00977696	
텔콘	00608802	01129269	
씨에스윈드	00670340	
에프엔씨	00312808	00451949	00579953	00615927	00492113	00925295	01019935	00801393	01077975	00578413	
대창스틸	00112721	
SKC코오롱PI	00767460	
알테오젠	00989619	
비씨월드제약	00256043	
에이디테크놀로지	00657002	
녹십자엠에스	00513948	
디티앤씨	00675594	
제일모직	00149655	
뉴	00974927
아스트	00409681
오킨스전자	00543107	
서전기전	00869272	
하이셈	00667425	
휴메딕스	00614478	
국일신동	00203847	
영백씨엠	01035678	
